3653
2256
870
2914
3202
2634
2313
4767
1904
3148
3131
167
4033
1028
1270
3834
1841
2100
4040
3697
4315
3081
476
2564
2567
1744
3638
734
3074
3508
1311
1956
766
755
3466
3414
852
1433
1013
1981
303
2997
292
4206
1915
4043
42
661
518
2906
946
4181
4349
487
2150
3319
3482
1753
4325
474
2693
4790
466
1546
3881
1758
1563
1132
2297
183
1839
1712
1602
544
3995
4072
2466
3595
1199
2665
2665
676
4380
2359
4463
319
161
1981
3847
2841
1359
4117
3466
629
3961
1773
1263
4738
2168
2699
4761
4331
4494
3667
3185
759
1993
2558
4966
1642
2587
2349
1819
1836
2103
374
2576
400
4230
1422
467
2776
163
4120
680
671
2204
765
3950
4767
3795
3540
2397
1309
411
1116
1285
1441
1846
4016
2320
3290
2710
1234
1522
105
3379
1931
4608
540
357
4153
4000
4391
2131
1194
391
1550
4027
4057
1296
1982
922
2871
4587
532
4534
3579
4909
990
1546
1053
4895
1697
2962
3871
4169
2035
3440
1221
104
1458
1270
631
4573
1116
2925
2612
48
4113
77
4058
429
2117
2302
395
4342
2866
231
1913
4145
102
1661
4534
4987
2633
3782
525
4925
4778
4022
3997
3302
4162
3209
415
3930
4217
1410
3366
4026
655
3892
1119
91
3742
423
4609
4363
622
3222
2150
4089
609
2654
4650
4053
4921
1265
1636
40
1086
3364
1499
373
2804
3605
2706
1592
556
3490
7
861
2690
4126
2465
3500
1023
3741
32
1516
328
2114
4425
3686
4407
4798
1546
3244
528
2164
3443
1305
3775
675
990
4410
1288
4476
1880
3158
2063
1036
112
4322
945
2324
4959
3256
426
2215
2209
664
496
2332
4587
191
1224
2101
2461
640
1176
4511
3435
3289
1261
1667
4062
975
2198
724
4720
4236
1264
4658
4512
1799
2596
1846
2874
1965
4550
2847
4939
4760
3319
492
2587
869
852
1771
1820
1249
4496
2530
3203
4406
2024
788
2260
1483
102
1838
2115
2050
3521
1466
64
919
4035
1708
122
549
1058
2531
3583
1986
203
4490
786
4062
1988
3056
1679
4776
3408
28
1748
850
145
3989
3688
350
1017
2962
2896
3833
2025
2309
2415
695
870
3277
790
1007
2680
3508
3988
2456
4541
3414
1720
4196
2318
1171
1277
2316
1208
935
2173
2125
302
960
241
3385
2941
1055
2768
129
568
1771
470
4841
157
810
3606
348
511
2914
3027
442
3405
935
2028
703
3972
2837
1415
4662
944
2065
3831
3813
2241
2891
1536
1091
4787
4271
2610
4792
3006
940
1924
1228
3704
3147
1404
1659
711
3228
1900
2678
852
3079
3527
1861
3068
3511
1684
2301
416
2051
4105
1508
1304
1943
1516
3133
2988
2040
2407
2760
1027
175
4962
2424
1463
2016
4957
4108
2808
1828
3990
4526
152
4292
2672
960
4632
2382
4397
2649
33
717
1628
4650
669
1780
1846
1637
4886
2755
2318
3976
2455
2501
2096
694
3138
1497
2452
4639
1394
3128
4778
1578
3259
303
3327
2368
982
2381
1193
2282
1025
1934
1368
453
3574
4802
1286
2893
2579
1088
4912
2232
2410
751
789
2461
418
1326
3407
741
1125
3049
231
1352
4107
799
1230
1531
2272
707
4201
2473
1
2464
700
2215
4397
2680
779
2349
1841
2366
4629
3561
1076
955
602
3310
3133
822
822
981
2258
1247
110
4994
850
4518
59
1675
4788
3295
4340
3653
3322
4721
2177
3240
2041
2519
1134
147
4898
4807
1084
1146
4774
3953
3814
4055
1404
1658
1802
4472
1183
2810
199
3880
319
3082
4830
1567
4348
4282
788
950
3794
2938
222
678
1545
3999
342
3897
1493
1209
766
2644
4886
3251
4266
4138
3496
1162
3091
868
1053
3169
1768
3544
4097
1004
4040
3288
135
4844
4278
1421
1211
1467
1668
4995
247
4464
1260
4830
50
2261
2570
1789
2861
1623
4053
463
4656
4014
3840
3675
1157
422
420
1988
2450
148
4753
2765
1397
2125
1036
1817
1275
3084
755
1662
3850
3298
3927
3875
4904
1003
569
631
1284
1118
1296
4092
4883
2245
610
869
845
1935
4473
835
2625
2498
1976
398
3518
4773
542
282
2212
4612
826
0
3122
853
480
4423
681
3363
706
1762
33
1984
2371
3555
2323
777
4600
2576
2303
3813
1576
1406
550
4622
2589
972
3642
171
4371
2425
389
3533
3705
2104
4431
1216
3542
1258
684
2084
798
1620
1822
973
213
3771
4871
1880
1651
1166
1081
3664
2096
2484
4137
1511
1418
4277
2817
2208
4052
245
2462
2445
4785
3918
4209
516
4530
1092
4665
1104
1605
1119
2729
1341
1015
1589
1870
2947
546
2319
29
63
2962
2013
514
2742
2388
1187
4387
740
4905
974
998
765
2402
3626
2257
313
348
334
4361
1173
758
555
3900
79
4224
4088
4650
4258
3638
25
361
859
4357
4329
3257
243
1838
350
2297
4895
3809
3236
15
4100
4531
3261
1205
1439
4459
2319
186
932
3833
2462
4310
2916
848
4204
450
677
1759
2126
591
2101
258
1769
159
4366
3510
4261
3321
2001
364
2584
1048
2644
1021
398
3214
1230
3584
80
2309
3604
4976
994
1303
2085
153
106
1262
2723
4844
933
366
4643
129
292
3226
2279
788
2656
2068
1425
731
4265
3777
1171
4663
3693
4884
221
466
3039
1810
839
4040
310
4518
3551
4657
4120
526
2733
2469
375
1630
4773
4993
554
3147
1269
4465
4655
1515
736
2094
456
2634
114
2354
4043
4040
3757
1642
3086
4522
1099
2756
651
4197
2021
672
3273
3131
1467
4388
2155
4695
285
4130
140
363
4282
4973
1619
4164
4542
2124
2492
732
2793
3934
1727
176
4846
1903
3501
491
738
3026
2800
3411
3702
535
3746
1483
1501
2758
4057
4937
3242
2845
1329
1760
1076
2383
987
889
651
2286
1941
3701
1576
3346
1497
86
1304
4298
26
679
1226
858
853
3600
769
4838
3653
599
1067
1078
4409
564
3907
234
3330
676
2068
1944
3511
928
1143
603
1227
3086
23
4711
258
3392
1915
1203
335
796
1923
2437
1682
3501
2439
732
3569
3551
749
3554
1548
384
4585
3112
1741
2429
2258
775
488
283
1298
2820
3007
1880
741
1788
1617
3088
1430
4945
4028
3004
1239
1355
3776
2448
3360
858
2694
4324
3482
4034
961
1037
780
3160
2396
1021
2301
1173
3757
1625
667
3473
4096
2825
2532
2977
3566
4461
3875
4948
2095
3677
3773
843
2862
2610
220
3879
461
3884
2859
3239
4841
1996
4499
1474
4750
2435
206
4537
1238
4385
3075
3121
1006
2346
474
1856
1874
1167
2008
589
2994
641
3708
1005
749
1755
674
20
2693
1881
4288
4297
4762
3331
4256
4013
3492
1870
3566
212
1395
4133
10
3885
4410
1620
3608
3871
2316
1926
94
3340
4876
3703
349
2123
323
2716
1652
4992
2678
4945
3833
2743
2310
179
2297
2225
2469
3208
1163
1646
1005
1500
3304
68
1907
4966
2253
4110
2820
1057
3364
2392
2286
4119
352
1882
4482
1691
512
532
97
1694
2677
986
2381
509
4607
815
2457
2312
293
2998
1851
2718
1916
3606
793
1991
2923
606
3018
2946
788
2962
4463
4593
1028
2077
2202
2178
1655
2168
2093
3887
3822
2145
413
3423
3674
511
1161
2030
4982
4765
102
4083
152
3621
3061
449
3944
495
1927
3113
3372
1826
343
2045
1507
210
769
1039
985
1451
4970
803
1458
677
3464
2555
722
1368
443
3354
3300
2618
4165
2491
2746
3559
1558
2843
1533
3320
1338
1604
325
4015
255
3147
4339
2889
3017
204
2605
421
1960
3172
1594
677
3062
4904
711
1163
4633
2564
1209
1870
3528
2670
939
124
2668
3125
4258
1033
3052
1836
2359
2817
4757
2715
1661
1363
89
2200
4893
448
992
3169
358
1954
2349
2533
2336
1463
4987
1852
4251
3008
3223
2717
2475
3277
863
1695
1343
2996
1019
57
3922
314
3035
317
2961
4824
906
2386
2191
617
4154
2186
4534
3420
2247
876
1334
2093
1920
2627
4163
625
2131
254
3834
4538
3080
3704
1059
439
898
2579
3198
2375
3969
4737
615
1567
3235
3956
348
4347
996
831
4953
1394
1451
2660
1105
1669
544
511
1728
4488
3603
1274
231
914
3718
219
640
2002
2726
1851
410
2594
3902
1208
4887
2297
388
701
4484
2772
4696
3928
3640
1836
3042
3981
4857
4830
2363
345
620
1774
375
4602
619
3205
3034
4285
3596
1502
1553
4847
3447
1123
570
3640
624
2893
686
4245
2918
3588
893
2749
4435
3116
2339
999
1766
2240
1882
1186
2397
3763
2960
1892
990
3237
4283
3167
1864
4090
3506
1913
2773
1906
1405
3467
563
1108
4064
3508
2708
2748
4923
14
4066
1007
742
3242
4743
52
4460
1304
3204
2446
4645
3170
0
3855
2113
577
1964
631
2489
3991
1516
1606
768
799
2024
2102
3234
1314
2948
4996
1283
3196
1613
3160
195
2534
437
1514
2921
4885
2073
1152
2566
2986
3881
1166
3100
2211
3303
3861
3487
1555
2612
3447
2178
4966
2983
2906
4220
2783
3703
563
3628
3445
1812
4629
3187
1299
2537
4825
2554
1399
3156
3384
4404
2030
1528
64
1285
4678
2643
1155
2026
3979
2196
1678
4387
1742
3768
1264
3591
3099
1005
3474
3079
1130
3982
646
1053
2561
160
4746
4502
696
2956
2823
614
1053
1647
1469
2099
2104
1862
66
4181
2937
2910
3803
2004
1121
2058
1257
1226
1351
158
1544
4914
836
4796
3316
138
2176
1701
2061
2373
2911
3099
2252
2732
870
3372
4558
2902
2299
729
2249
4869
700
3896
1117
4867
78
1191
4373
317
3385
202
3614
1343
3593
3814
4383
2864
1065
4287
3041
2240
1859
3095
4632
3375
1203
2880
67
3519
2285
1364
2305
4020
2372
2499
941
4747
4268
4085
43
4601
1186
1680
1243
4270
2419
3484
2998
2201
3514
1549
3286
1566
38
2041
4795
2398
763
2315
1451
165
536
3239
4474
4873
889
3638
1082
4801
1333
3781
4036
1125
4571
3337
3088
2525
1777
3605
3490
4429
3877
3088
3885
4743
2463
1921
2748
3505
4934
3092
3727
4288
4738
945
2099
1749
4787
2131
3677
3423
360
3438
64
2481
650
957
2756
4102
346
3563
4290
1370
2104
8
1950
3091
62
2070
3140
1480
1396
4829
166
961
2333
4732
4236
4511
2666
4832
3581
396
4653
4106
3710
4574
441
3524
953
1688
488
3396
4007
930
445
4917
616
2627
747
2482
258
580
661
3644
601
4950
3904
4430
4046
799
3726
2870
2211
201
3964
4183
734
1619
1718
2062
1100
4900
2082
3265
888
1021
50
4158
1812
4062
3878
2731
799
4444
1073
2162
351
722
4787
4992
2097
2101
4999
37
4239
4245
29
1654
3769
608
1163
3562
415
281
920
2914
2822
1169
1601
2813
3489
1733
799
4746
1098
4489
4345
4511
2993
1898
4534
3721
4132
4914
1349
2701
360
328
1033
2927
87
150
4983
985
2138
1303
4778
2743
2873
3144
4145
2464
4088
206
4302
1111
4900
2673
2251
786
1431
1800
1377
3579
0
2349
3241
2662
2831
2018
1606
1762
2671
3324
2754
4331
2765
598
112
4967
3208
329
1794
2896
3609
3211
1396
1762
589
2038
4400
2589
1288
2907
532
2108
2492
2526
1737
991
3859
972
1133
1503
306
4826
4652
1800
350
1031
898
2995
1707
1117
2028
3701
307
1404
4999
1218
1188
632
3233
2486
2517
164
1431
2509
3505
4110
4662
4729
4981
1309
2143
3381
255
2129
3148
864
1208
4089
4256
1515
4820
2211
4623
2670
3462
136
1088
192
2665
3117
4556
2318
21
4905
2186
2030
111
2380
4281
189
3756
4613
218
1517
1655
1551
1316
4962
4905
3725
4826
4175
2472
4163
2723
1333
3380
1151
1016
3444
2325
4167
1475
429
3569
933
661
4111
1253
2088
4616
2416
3233
1093
3551
4615
3281
3886
3364
4040
4801
818
928
3135
930
4766
4536
488
1386
889
885
3622
416
4534
2692
3363
112
669
632
4008
1588
139
3061
2429
3020
3420
2855
4267
1318
4310
2490
4544
2514
2640
4563
2283
4400
658
1102
2440
2603
1023
3249
1262
4057
512
2513
1935
931
4539
1164
2632
4339
140
4839
2746
3212
3426
3057
2185
1590
3006
799
1659
1217
4463
3017
1786
1194
4025
4597
2157
404
1311
2643
1484
2777
1711
3073
699
3330
4358
3927
481
3442
2315
237
2393
465
2640
2764
4664
2328
4006
3227
3768
4577
2416
4491
2469
4801
363
1725
2183
1424
4516
4514
2295
744
3282
1571
173
100
3870
883
937
4171
201
681
4128
4693
4517
4802
1425
3637
1350
4774
1833
47
90
866
2508
1117
2943
4791
1029
1085
2555
4064
1824
69
3690
3577
2918
2825
3748
438
4737
2508
2341
2122
4448
4061
1673
1746
1236
1332
2391
1041
4476
574
773
2077
735
141
1117
1697
409
3603
1510
708
551
1432
1942
1954
4694
1882
4359
2450
504
1309
3359
3880
1353
3300
1956
4316
1289
4798
560
4922
4595
1196
1914
667
2797
2585
2549
948
1841
1451
2156
2542
4076
1226
358
702
532
3135
2999
3222
1448
3071
1191
875
1578
2624
1303
752
1128
4130
2601
987
4356
1905
120
1702
2232
3267
2680
577
46
2589
4966
4646
887
483
2339
1117
1434
4007
1125
1041
1431
4930
2086
323
596
1041
1417
2974
2649
3529
267
2794
1359
1486
4463
1693
2694
4409
797
4751
4015
2072
1803
780
1823
4338
1291
2327
4902
2411
4887
645
3902
1965
67
40
384
1352
3163
2118
2867
139
1389
2809
246
283
943
1367
2960
643
3428
469
3174
2677
4763
2224
77
3640
1704
1828
4945
2819
2368
3753
197
592
239
3978
3884
1845
1028
3536
1687
207
4879
791
1623
4127
1953
2902
4158
3474
1485
4797
4521
3203
4566
3402
1729
3340
1378
4949
3771
190
1341
765
4004
173
2713
82
3312
1831
2500
4028
1365
2390
4658
2099
2604
2107
116
2689
304
4582
353
398
490
4011
1629
3490
2979
799
3656
2080
627
1044
3208
4065
4666
2473
1985
198
4622
2182
1459
2378
1509
3287
725
4927
4035
406
1681
1336
533
286
2032
535
15
949
3831
3113
4611
3553
2426
4214
3499
4622
2368
2485
577
599
4791
4007
4732
4260
1482
3819
150
3066
1392
834
3269
2393
895
3667
798
4314
4064
3538
3536
3656
2677
4877
832
473
2656
176
3569
2260
1846
1305
1319
3365
3948
1254
2604
982
304
2797
1602
2609
515
3140
3625
764
94
955
3243
2267
1771
566
231
2796
4901
2303
2668
3911
2091
1620
4062
245
2128
557
3293
1459
583
4513
2628
223
357
2441
1367
2434
2495
4605
2697
1470
150
918
1828
2153
1552
3379
3010
2291
1401
896
1261
2557
2322
3036
4170
4194
632
1185
3019
210
832
4730
1236
4717
1002
632
1766
4933
2811
4213
4043
4255
2256
1029
633
2156
3120
1569
4059
2618
2233
910
1180
2504
2181
2278
2357
210
3934
3886
2672
122
216
2911
830
4920
3526
4464
3543
4907
4720
388
2728
2120
1139
2440
4394
2331
1193
2561
3760
4212
2147
747
1040
27
2117
4500
2518
3190
537
802
1246
3570
3726
130
313
2313
1145
1947
4257
2332
2557
546
2552
4089
4615
520
4662
142
4877
2145
4002
2367
2825
1326
2347
499
2585
453
591
4054
1409
526
3387
339
2970
3594
2324
4936
4004
3072
4358
1287
3434
3776
3819
209
733
4851
878
2694
2748
642
944
2331
642
1710
2259
11
2889
1488
1246
1977
3910
867
1096
2620
2332
2807
3240
780
1942
2582
1644
3797
1079
924
2800
1553
1700
4235
370
1731
2229
1740
3948
913
3903
1253
4753
3753
109
4023
2892
4928
97
3847
1493
4478
4509
640
941
2702
1191
599
1804
989
925
1743
41
2985
2188
1150
50
1404
1288
4728
1644
944
4535
2450
3925
1557
4638
73
2672
4130
1721
3476
1818
2385
2741
2263
2043
741
3216
298
646
4168
555
514
2052
2624
494
2830
2485
1041
3973
1188
1401
746
2466
317
2295
3433
2411
2254
2004
4599
1926
1905
1662
756
1346
3443
4665
4802
3103
767
3562
2045
2561
2651
1850
4078
2377
2954
2061
1844
2109
3842
4323
2964
1785
3014
1431
4026
445
2710
502
2377
3552
1573
739
343
2422
1084
665
4741
3407
4774
1599
2437
2848
3100
3955
3052
525
1649
1584
4651
3063
2704
2482
736
2970
3989
788
2626
1299
257
4288
3990
4136
834
4415
4307
4144
3850
2865
4205
1373
2607
3159
1104
2863
2939
3854
738
4555
3261
679
2710
3051
3392
2758
454
4504
2066
479
3161
309
2703
3752
294
3142
23
2643
3752
2464
3774
3362
634
2875
3234
3992
3445
134
1082
3541
1583
1010
1349
1858
3910
3297
2121
2462
2838
720
4125
200
2503
1659
4529
2487
2634
1424
3156
4958
3885
4415
1254
2987
4725
4016
2607
2739
1732
2198
3736
1510
3828
3362
3689
2753
4082
1106
2402
411
4094
3420
4654
1999
3859
78
2509
3356
3378
72
1769
4322
2323
2572
3451
1310
3198
60
2591
391
3414
973
3245
4458
4504
4243
4505
3883
2628
2094
1117
4693
3689
4099
1198
812
1149
301
716
2961
917
1565
542
3813
4089
56
4198
4402
1564
432
4800
830
579
86
4249
1121
3364
1518
2237
2585
4657
4651
745
4364
413
3413
4443
1695
4630
4216
2663
1636
203
312
3907
560
3848
3833
1853
4302
3592
4787
67
286
4955
310
4756
1203
4488
1674
4541
1852
4923
1019
1062
2216
3011
3947
2062
2055
270
2648
3084
3454
1142
951
512
2883
3672
3113
377
4555
1305
3638
673
2345
676
4663
2838
911
211
1432
521
4793
50
677
212
2544
2322
212
3712
2189
2604
3572
621
3991
731
3980
4918
1454
2504
952
4331
2977
1056
495
344
1245
1521
2240
4399
190
1125
3366
1266
4107
1838
2490
3635
3381
1906
1416
2727
2513
2417
2740
3976
327
1461
127
4203
3761
2232
3716
3338
583
1917
3032
2026
3042
1440
2682
3711
489
1615
823
4310
3145
3957
2560
675
4263
1885
928
3893
259
1292
913
2455
2741
1842
1511
4128
715
3850
551
389
4895
3983
312
645
4986
1257
1707
2342
1453
4321
768
870
4842
258
842
2437
3462
633
1811
4513
3850
1526
466
425
1322
3642
484
1902
2814
1291
1144
3006
4935
1679
3864
2579
604
3670
2277
2460
4773
3442
2099
4683
2791
4227
2293
1159
2986
4782
1289
34
759
54
1551
2853
3823
2958
790
4483
1208
4830
1800
2612
696
4916
2143
2883
4615
4852
4504
1834
3104
3667
3407
395
2400
1225
723
1914
1347
4757
4051
658
1883
3453
2633
2541
34
3606
334
2513
3866
2681
1062
2927
4210
4095
533
4133
3556
1782
2971
3830
3373
3476
2980
2408
1965
1787
483
2071
256
4774
1176
3032
2700
171
487
120
4019
3193
2251
846
2179
468
3554
3271
2941
1711
1347
4817
4083
4913
1110
3577
2941
4604
3267
3801
438
3857
1469
132
4002
2304
672
788
1042
4367
4665
1822
4740
3120
1069
1324
1589
2920
2213
3028
1392
213
3824
2638
1276
1040
129
644
3976
4811
874
1869
3586
2253
1890
2435
4537
3075
3547
702
935
1537
799
1711
1499
274
3244
1698
958
2709
517
4950
2269
4144
1364
54
4262
2665
85
3589
1846
650
4876
358
66
1965
497
4842
853
1609
1130
2606
4913
4587
2834
1683
4034
336
465
1703
1503
1610
3029
1853
314
3001
2599
3201
58
1396
3272
2646
1191
4697
1270
531
3654
2089
4354
4355
141
3447
516
1708
1706
4362
2489
3698
1351
2777
276
829
4560
4343
1546
2153
1240
608
4786
1893
3569
3482
3605
2038
4850
2783
2450
1796
478
1898
1606
3572
1635
160
194
2968
2392
817
333
3085
658
2558
2683
1707
1049
2502
2254
2098
1727
4044
2644
3467
4816
347
537
2660
2704
4533
1039
2777
2322
839
403
2391
4997
4338
3346
562
3172
4078
4172
3002
3973
3431
2392
4489
313
2316
1344
3000
494
878
54
1707
642
3054
3534
4938
601
58
3286
4618
17
234
4980
1307
2468
1829
2319
114
4829
3377
664
1674
975
171
3266
239
1282
2964
3320
4540
4463
3005
590
1309
1310
76
907
431
357
3799
670
4375
2820
504
2878
1416
3952
2274
1382
1465
1037
3659
2545
694
3919
3579
1098
2005
234
2188
999
1460
4824
578
4758
4490
1667
4524
4281
227
3596
147
3831
552
2340
3323
2187
1646
3624
1337
4505
3669
1122
1204
2021
1716
494
478
3606
2051
1338
1212
2740
1874
1506
2004
2222
2144
4450
1383
3055
3782
2373
3359
2569
4173
302
1163
1538
3221
2166
705
351
4464
3461
3003
3454
1462
2124
949
3208
1858
3882
3133
215
3420
405
4484
2340
2153
2515
3581
4941
1152
3018
2643
4149
1638
3557
2208
644
3501
1224
2555
3976
3568
4854
2385
3444
554
40
3863
4248
1584
2273
151
3409
4876
1688
3474
4170
1075
534
917
963
2457
2825
3230
2226
2404
1304
4280
4760
2678
1719
3390
133
2687
1685
621
4669
4146
3140
1349
228
606
3273
2945
81
81
1493
3221
392
4688
1603
599
458
649
595
2449
2920
4069
2862
4310
1918
3240
539
203
501
2203
457
3088
355
2989
126
2095
4351
821
1528
764
1839
1242
2994
3997
4452
3519
3937
1708
537
2049
4400
2043
1512
1218
440
2168
1766
3812
3308
1009
3688
1718
2796
873
4269
667
2903
3044
1742
4499
1271
799
3068
97
2032
1563
120
1239
2570
4036
4393
271
511
3621
2977
2652
830
2367
1193
312
4921
385
2998
47
980
1401
1260
1363
4879
1628
1691
1434
4622
2651
1462
1749
2023
3775
4699
1810
956
942
760
1764
1705
4278
3683
850
3712
1290
934
4261
1243
627
896
2454
1338
40
1719
2095
3198
1840
948
96
3821
23
264
4670
4047
672
1350
2335
4368
1499
4456
1881
31
2135
231
3043
1654
1033
2269
2780
2411
590
4542
1187
854
4029
4350
4942
1508
3696
428
943
1227
1796
1023
1860
3991
1623
696
1902
3733
1651
2537
2732
199
1336
612
2913
4039
2262
2023
3051
3991
154
2486
4942
4399
249
3401
352
4960
467
2968
878
4322
2026
1373
4687
945
2020
289
1583
2333
1980
1441
4799
2265
4280
2514
587
908
3583
2563
628
1359
2457
1282
3863
1431
755
3665
1605
1907
4218
3338
1021
2400
1104
3953
2351
499
510
1841
3362
3566
481
2618
1393
1719
4928
554
408
2421
1012
2873
590
3093
3888
3337
2846
3756
2244
1013
2046
2741
269
1001
3939
3718
2367
2484
4116
2518
4533
3993
1743
3185
2552
828
3657
2784
495
1275
938
3322
2438
1410
1920
4271
170
3523
2699
3839
1051
4630
2849
1054
2731
2350
1418
2811
1022
3996
382
2298
2019
616
4910
4830
1002
4141
1105
3955
1454
381
2720
1243
388
3245
3132
4246
2509
1409
1214
1496
921
939
1327
4710
3972
168
2225
2641
222
1067
3846
2174
2453
4207
2496
2261
4974
1175
2776
2465
4836
3808
4442
3935
336
3458
1105
2802
369
186
399
4431
237
748
4320
308
2385
2471
3808
750
4454
1817
34
452
1349
1957
3347
1590
2093
1625
3846
3746
930
1117
2312
1503
1855
3745
551
1763
2543
3815
3711
2163
4793
2641
4269
3186
154
3667
599
4803
1151
444
2844
1938
1939
2986
3296
1280
1318
2428
1787
805
511
1563
3987
4708
4699
3043
1782
1689
543
4342
3820
4869
18
2979
4748
2414
486
2861
711
3120
4617
1694
3466
2945
4551
3342
4624
452
4554
2671
2439
4316
3684
4099
3569
1123
492
4135
2406
1875
4672
4049
2616
77
986
1969
1095
1337
4310
1084
4238
837
4331
855
4230
753
0
3770
1057
578
576
914
2242
1989
3809
1835
2147
3983
1034
2582
3399
4819
4027
2144
1201
971
177
2595
2012
1498
4650
4065
3261
3746
1645
3757
1990
1378
2358
1941
1077
3250
569
4565
4396
4737
2501
349
2257
1103
2763
23
3569
591
959
4225
2129
4783
246
1154
4573
3715
2248
3922
772
4454
321
2850
4740
2875
26
1919
1306
4644
357
1577
3773
2744
169
3841
2884
3186
1762
3642
4556
4696
1077
1126
4398
2169
186
2252
3145
2538
2179
241
4516
1763
1524
54
2767
3733
1356
3000
890
1591
403
445
2541
466
3244
1741
2226
3825
3749
1167
3064
1909
1548
2839
1762
3368
2469
1044
2696
3488
4465
1766
3147
1287
3297
1671
2494
4480
1259
3641
2652
1044
4116
745
701
23
1415
2643
469
3428
2389
3639
1934
208
29
746
1652
4277
366
991
3257
1893
1227
4167
2843
995
3854
3479
2107
1612
1208
3690
3632
1771
1239
2062
1083
574
929
1531
1475
291
4913
409
3532
4607
736
1465
2948
2608
3397
3871
3230
2977
4536
2814
3459
2278
1051
637
1461
361
2626
3225
2853
1500
4461
595
2656
2784
2987
4155
1094
3366
4801
1373
1364
1091
1140
3539
4282
1729
4651
2003
1078
2308
3561
3
1298
3346
153
3314
4940
2463
1266
4256
3021
1471
3341
2553
1149
1053
3653
4357
1621
3420
4103
2508
3996
2148
1969
4137
734
2360
2928
484
3633
349
189
2188
4650
3061
3296
2221
2528
1157
3367
2414
3823
1348
2616
2454
1192
2981
3942
1209
4567
4110
41
4797
2830
1234
2745
658
3296
2572
3363
3793
23
141
101
523
1018
4872
23
4686
2041
652
1730
1332
3627
914
3894
3668
1947
3207
1430
2941
662
1444
2247
3072
2096
3845
1778
2430
1016
3862
1805
882
2745
2924
2768
855
1586
115
54
277
4664
4428
4643
1032
553
74
1190
4034
3709
2341
1951
2483
2081
2086
2762
2710
1628
908
100
173
550
1774
3205
4551
1589
906
383
2657
2289
2478
2215
1875
1107
4165
4185
701
1402
548
928
3545
4070
261
126
1922
216
2284
4961
4630
1857
392
840
4840
3842
2508
2692
3145
2484
3335
2234
632
4977
3536
503
3975
987
3582
693
4752
2188
248
1406
1664
3989
2280
3838
3043
3443
637
702
296
2743
3465
4309
1006
1516
4616
4498
3319
886
3194
2560
1412
1250
2219
1329
3313
680
1833
1062
1763
912
3901
1093
1703
4492
1286
4757
4556
1050
4170
942
2252
3150
1103
684
711
645
1769
798
2273
1156
4437
4929
3021
4154
2573
2971
4938
3235
644
445
1701
1487
1357
3104
4751
2202
2831
43
2104
2077
3956
4051
3587
2005
1946
2861
692
3051
529
3408
2752
2180
4750
1167
948
954
999
1117
4977
3458
1640
1713
4766
343
350
2957
3510
1575
1738
1185
484
2012
2256
3037
3468
534
1673
4759
4076
1472
4806
1554
3579
3984
3862
3584
2608
2594
4553
3864
102
4527
4021
371
2551
4826
969
3044
159
2131
2105
2391
4194
2792
385
3316
3304
1097
1933
4091
919
626
3097
793
1890
3350
4700
1588
4578
4770
2642
3948
298
2448
187
1339
1343
2030
1190
3166
3487
1758
1226
1660
2425
1103
310
4942
1118
1116
1414
4592
3742
2219
2321
168
4830
1504
1698
4540
360
1859
1492
1512
1092
1599
1273
1632
4894
2733
3572
531
64
1177
2902
785
3529
1778
1350
382
478
3616
4236
3255
1992
3865
1752
588
1158
3661
3022
3359
924
2987
1285
805
3556
3115
2688
3754
45
4693
3565
4754
4769
1170
2436
4813
19
4938
2946
1738
2728
1685
1023
863
3741
166
2476
2072
1874
1173
3345
4990
3630
3196
3486
4554
2075
4804
3041
1235
2171
1584
1735
2323
794
890
1102
4817
2406
3845
2426
1291
293
1780
4438
1457
2294
473
1774
346
1827
455
1075
2401
532
4508
751
1824
4880
4002
2977
4160
2504
2365
3771
4904
4108
1786
2210
124
4290
1517
4470
2656
1140
4883
2579
101
650
2282
1510
242
1407
1293
1124
1815
616
3165
2016
4086
4675
3644
1883
340
1972
1908
4945
3263
4526
904
4505
2159
4504
2417
3342
2929
1549
3651
580
3418
433
73
3132
1769
2089
766
4372
481
2562
4621
176
221
3548
4500
4574
4141
3968
1533
3953
3880
4640
3661
1003
1762
1575
224
1729
2776
3345
4733
1778
753
2963
309
1512
1807
2582
4322
3202
2206
1440
3014
4945
1517
3596
706
673
3187
507
2312
3538
4572
355
538
3456
1868
423
2300
1904
3570
4431
3679
1013
3009
2025
904
3873
179
3216
2473
1503
3519
4788
4463
3385
1133
226
1460
3541
3895
3838
3997
2638
1098
886
4310
2888
3669
2897
3524
1259
794
487
3875
2396
2115
2794
3450
2024
3046
2094
3564
4131
275
4301
4304
985
2406
2159
1027
4738
937
2600
556
4235
3860
993
4424
3522
2151
1075
2456
2306
2870
506
3232
1009
2718
2911
4289
3430
2280
2864
4305
214
3283
1372
1553
48
543
3657
4271
2864
8
2897
709
1970
127
3213
4322
3856
15
2896
3568
2677
4558
4559
3566
3434
4331
3639
1214
2904
1087
791
1473
4848
3215
4320
2746
3000
929
2835
1656
4719
596
4457
1320
4602
2349
4465
1347
584
4296
1525
4388
2891
1331
4958
3988
4456
3649
4242
1233
2617
622
